$ANSIBLE_VAULT;1.1;AES256
31376137653033653530323762353533356130643335346435383637306132656334346563376666
3764386465653333666332356532346337353066323830620a303866306232366261336165663939
64323364383063376166643765663365663339356364633539366366663163303263333333323337
3532393161633766640a613763663061303766646366343138303535336264663765653561343236
35656138643531613161613133616332646664643639663861623066663865653163653934313964
34646261333533306334636433656264303635663066646232306132353365353831383739386337
63323565656365623235636130646666383832636238636432393535613531326432323438313731
39363831373562366138343132636334303438636333613265343738323033326364353566393135
66666338653734663461626134666538386435666236353033643565343464306237626531303530
38666666393837396335363463613566663065303233353333326431316631653733373965383066
30356165373435393965333838643238323130363866393436303465393832383264346564343865
65383866616563663236633431656330306133313966626566383432613962386365386363313838
63393539303634613765396666643730373533663266313231393835663363363762666163633639
34323938396236313930306461626663363435346662643235316532613365623531316461663763
33353963343635373761333530653261343336303234646464643232323162363630386535643238
36636131323364353561306365363539386434653163386434373639303163383238363537626164
64383236373335353462633937613935303231323438353832313630653265343230373766383237
34326532633365396431316131393563383935303362313239393633663533636265663034303238
62333130626331313932386364353262326534613063363234623163653033653139636162303836
34646663656563393463373931616134353238356432326161373633633063373537306462326231
39393636303237646135373338363330366663323835623331353830383735303232643838303733
35636336323239653734313666636537383832343533333366653131383062333163323839613332
63356239623735623030653262633662313739336133396139643664336233366264306466636263
31363031623035376366663431323061366165643739633638373933383861363639316635643335
39316630623235323038623862653232666534373463653030663639376365333038653861383664
39356338663263336437326564663538303835663061336437303764313163303731653262363131
35626535666339326636616536376430323237376162656336303762623164653833383238363030
39383062613533343263346536303661323339623861373339333932343532636361343533623634
63343238393337353530383234343064666138626535363738633864393632626638303835316366
35613964383161653362396365656265646237363965623362383966303338376562636634373437
37366561646663356163613238303039653164353835353233303466353230363163313664326362
63386339336537623332383034393564616162303166363537613337336336306331356239386461
31623633386636373138666265633866336133356536333436346435383064366235643436346334
35393063336335393266323332623736393464656436323637623062616663646535656239313065
31616639353736396636306436646662386236343966373764316439393262633239336363333534
62303333366235333239613539346631386332623730336537623539303364326262633934353336
63353839376232343630336434666566383535363037333634366363353033313838623137313536
61376662396433396263336436366534376430356561633737393236663965373866626239393638
65386633363734613365346531386339343635636231663062316666323036663065643334393762
38646237633134633866313366306565333133303036303762653337363166326364343738623433
32643332396436613433646165656365656366653539313965643130616366386131346338393739
35356361383164353138613535656466366166626438386464376436356436343163313736663230
63336331373437313132393963333734306362313034313830393839633339633233633339373038
34643162666237343433633432303230326239366336313439383764386465653332383064663866
39336362653463383030303033633238623263613965313230626533353930656266393166323433
34656130363830623261376530393934316330353866613530326238316631636236613934336364
61353362643164633163393335336531353132653930376561636662313434646463656232373736
32386232303464373761653433623136363730386263323837323065633434656661386163633739
36623238613734336635376232323364396136323033346563666239336431626333313337616237
37663335373132336264633632323263646136326661623538373631373933616263613039623663
31343761373761363338303232363734303338376231323737363131643161653530383635323430
61633933313436663261626234663631336466313136353138353165343562646430656562626663
30663234616563616638343931363861343963643931373534356437653435643266323331373464
61366165613265643531393732333539376439353362646533303333326630363235316430616661
64386465613939383262626236326334386533353732613534393764333435353066646231316137
38643563373463376130353931363937386164363264373731656631363865366630666239653434
35386134383961303764323238643637646562633738323837353765646634383965663839616265
61616332636435663832363636366364383163306532323763306534366266353634323032386466
39393939356131306537303566336534663865393834303363666138313238303831303430346231
34383762393536643538373837383030613461386532383265373465316662323736653366343935
62323839336435333161346563306639633936313861356562656566666638353731323264656138
35313365373834666634396336313364373432613463303963393662366136626233343664313566
33646665386264633339646530616132623735666165613563616233653364363162366630373232
31336462623136373137323866396138313833623131383463613639356539313139643561653863
31333536323031353939306162373763333536313636666366616661303334376431383730633963
65363265333063346362303163376263653961326137336232376136323062353563396239343166
65363765623836653462366232393263613730363230346137333839663530303364383233303935
37333930313163356262626630326231353932376265353337666366633435303464336332636165
30376333623833333030663634333436373564663530653364323162363264396161363465633437
39303338616335363863656136373738383561353032333366363739303864343535353963353935
34393761303862636533323331366331666639653539303232613565353132646161663565313136
33343834666236393337613737383063396337313935643539663230336563373534656435633530
63303631343235383438636633613462306566646633653365623064373738313332356634316633
63643661633135383230383264643432613130386339653933313966653039343732326565306234
66323461653637313031666430336539656566303661653761353735623133313033643265356231
64656235366636633639336565616437613438333766383134316535623764333737366161303730
64343132633965653835303234663135333161383231313237363531616131333239386433623062
39333939306266376536353836366134663239633232333836393330636162626132616239316666
30363138306364393563643738383735313133336163343866313161303466373032323566393138
35346463333231343830333961656531326261393963633962616461656130313738306336643035
62636131353230636539313930633833343036386435636136303234303962323237333265383238
38643233636262306336373935366562653138326664613765366462663932343166643033323061
32613238356439363366363634343838373532383034353039306337613361613566643665396266
39363932366163626433316566323361383362366164353832626234633865616238333865313434
39616433333636613966656335386332396234336562626336336632656338643166393539383564
32626335643130373933353230643364303336633664316664303731656263363935636138333362
36396433386663333931653630663635643633333162363532313737666332306632636464316532
66383561356232626236363631396232623063316534306435313935646362376263626264616335
65306363636635393137326663303234376466386130333034343965623730616135
